# Elapsed time   CPU (%)     Real (MB)   Virtual (MB)
       0.005        0.000      438.996     1199.805
       1.007      131.800      438.996     1199.805
       2.009      132.700      438.996     1199.805
       3.010      132.800      438.996     1199.805
       4.012      131.800      438.996     1199.805
       5.013      131.800      439.125     1199.805
       6.015      132.800      439.125     1199.805
       7.016      131.800      439.125     1199.805
       8.017      131.900      439.125     1199.805
       9.019      130.800      439.254     1199.805
      10.020      131.800      439.254     1199.805
      11.021      131.900      439.234     1199.805
      12.023      131.800      439.234     1199.805
      13.025      131.800      439.234     1199.805
      14.026      131.800      439.234     1199.805
      15.028      131.800      439.234     1199.805
      16.029      131.900      439.363     1199.805
      17.031      131.800      439.363     1199.805
      18.032      136.800      439.363     1199.816
      19.033      139.900      439.363     1199.816
      20.035      131.800      439.457     1199.816
      21.036      132.900      439.457     1199.816
      22.037      131.800      439.504     1200.805
      23.039      132.800      439.504     1200.805
      24.040      132.800      438.551     1199.805
      25.041      132.900      438.520     1199.742
      26.043      131.800      438.520     1199.742
      27.044      132.800      438.520     1199.805
      28.045      131.900      438.648     1199.805
      29.048      130.700      438.648     1199.805
      30.049      131.800      438.648     1199.805
      31.051      130.800      438.648     1199.805
      32.052      132.800      438.777     1199.805
      33.053      132.900      438.777     1199.805
      34.055      130.800      438.777     1199.805
      35.056      132.800      438.777     1199.805
      36.057      132.900      438.906     1199.805
      37.059      131.700      438.906     1199.805
      38.062      131.700      438.906     1199.805
      39.063      131.800      438.898     1199.742
      40.065      131.800      438.898     1199.742
      41.067      132.800      438.898     1199.742
      42.068      131.800      438.898     1199.742
      43.069      132.900      438.898     1199.742
      44.071      130.800      439.027     1199.805
      45.072      132.800      439.027     1199.805
      46.073      131.900      439.008     1199.742
      47.075      130.800      439.008     1199.805
      48.077      131.800      439.008     1199.805
      49.078      131.800      439.137     1199.805
      50.080      130.800      439.137     1199.805
      51.081      129.900      439.137     1199.805
      52.083      130.800      439.137     1199.805
      53.084      131.800      439.266     1199.805
      54.085      132.900      439.266     1199.805
      55.087      129.800      439.266     1199.805
      56.088      130.800      439.266     1199.805
      57.089      131.900      439.266     1199.805
      58.091      131.800      439.395     1199.805
      59.093      130.800      439.395     1199.805
avg cpu 129.87000000000003
